728x90_commercial_collapsed-NEW.swf Movie Report
-------------------------------------------------

Frame #    Frame Bytes    Total Bytes    Scene
-------    -----------    -----------    -----
      1          21129          21129    Scene 1 (AS 3.0 Classes Export Frame)
      2              1          21130    
      3              1          21131    
      4              1          21132    
      5              1          21133    
      6              1          21134    
      7              1          21135    
      8              1          21136    
      9              1          21137    
     10             58          21195    
     11             20          21215    
     12             21          21236    
     13             21          21257    
     14             22          21279    
     15             22          21301    
     16             22          21323    
     17             22          21345    
     18             22          21367    
     19             22          21389    
     20             22          21411    
     21             22          21433    
     22             22          21455    
     23             22          21477    
     24             22          21499    
     25             22          21521    
     26             22          21543    
     27             22          21565    
     28             22          21587    
     29             22          21609    
     30             22          21631    
     31             22          21653    
     32             22          21675    
     33             22          21697    
     34             22          21719    
     35             22          21741    
     36             22          21763    
     37             22          21785    
     38             22          21807    
     39             22          21829    
     40             22          21851    
     41              1          21852    
     42              1          21853    
     43              1          21854    
     44             15          21869    
     45              1          21870    
     46              1          21871    
     47              1          21872    
     48              1          21873    
     49             18          21891    
     50             18          21909    
     51             19          21928    
     52             19          21947    
     53             19          21966    
     54             19          21985    
     55             19          22004    
     56             19          22023    
     57             19          22042    
     58             19          22061    
     59             19          22080    
     60             19          22099    
     61             19          22118    
     62             19          22137    
     63             19          22156    
     64             19          22175    
     65             19          22194    
     66             19          22213    
     67            136          22349    
     68             29          22378    
     69             11          22389    
     70             11          22400    
     71             11          22411    
     72             11          22422    
     73             11          22433    
     74             11          22444    
     75             11          22455    
     76             11          22466    
     77             11          22477    
     78             11          22488    
     79             11          22499    
     80             11          22510    
     81             11          22521    
     82             11          22532    
     83             11          22543    
     84             11          22554    
     85             11          22565    
     86             11          22576    
     87             11          22587    
     88              1          22588    
     89              1          22589    
     90              1          22590    
     91              1          22591    
     92              1          22592    
     93              1          22593    
     94              1          22594    
     95              1          22595    
     96              1          22596    
     97              1          22597    
     98              1          22598    
     99              1          22599    
    100              1          22600    
    101              1          22601    
    102              1          22602    
    103              1          22603    
    104             83          22686    
    105             18          22704    
    106             17          22721    
    107             17          22738    
    108             18          22756    
    109             18          22774    
    110             18          22792    
    111             18          22810    
    112             18          22828    
    113             18          22846    
    114             18          22864    
    115             18          22882    
    116             18          22900    
    117             18          22918    
    118             18          22936    
    119             18          22954    
    120             18          22972    
    121             18          22990    
    122             19          23009    
    123             19          23028    
    124             19          23047    
    125             19          23066    
    126             19          23085    
    127             19          23104    
    128             19          23123    
    129             19          23142    
    130             19          23161    
    131             19          23180    
    132             19          23199    
    133            101          23300    
    134             35          23335    
    135             11          23346    
    136             11          23357    
    137             11          23368    
    138             11          23379    
    139             11          23390    
    140             11          23401    
    141             11          23412    
    142             11          23423    
    143             11          23434    
    144             11          23445    
    145             11          23456    
    146             11          23467    
    147             11          23478    
    148             11          23489    
    149             11          23500    
    150             11          23511    
    151             11          23522    
    152             11          23533    
    153              8          23541    
    154              1          23542    
    155              1          23543    
    156              1          23544    
    157              1          23545    
    158              1          23546    
    159              1          23547    
    160              1          23548    
    161              1          23549    
    162              1          23550    
    163              1          23551    
    164              1          23552    
    165              1          23553    
    166              1          23554    
    167              1          23555    
    168              1          23556    
    169              1          23557    
    170             35          23592    
    171             18          23610    
    172             17          23627    
    173             17          23644    
    174             18          23662    
    175             18          23680    
    176             18          23698    
    177             18          23716    
    178             18          23734    
    179             18          23752    
    180             18          23770    
    181             18          23788    
    182             18          23806    
    183             18          23824    
    184             18          23842    
    185             18          23860    
    186             18          23878    
    187             18          23896    
    188             19          23915    
    189             19          23934    
    190             19          23953    
    191             19          23972    
    192             19          23991    
    193             19          24010    
    194             19          24029    
    195             19          24048    
    196             19          24067    
    197           1647          25714    
    198             26          25740    
    199             26          25766    
    200             26          25792    
    201              8          25800    
    202              5          25805    
    203            100          25905    
    204             26          25931    
    205             26          25957    
    206             26          25983    
    207             26          26009    
    208             26          26035    
    209             26          26061    
    210             26          26087    
    211             26          26113    
    212             26          26139    
    213             26          26165    
    214             26          26191    
    215             26          26217    
    216             26          26243    
    217             26          26269    
    218             26          26295    
    219             23          26318    
    220            211          26529    
    221             29          26558    
    222             29          26587    
    223             29          26616    
    224             29          26645    
    225             29          26674    
    226             26          26700    
    227              1          26701    
    228              1          26702    
    229              1          26703    
    230              1          26704    
    231              1          26705    
    232              1          26706    
    233              1          26707    
    234              1          26708    
    235              1          26709    
    236              7          26716    
    237              7          26723    
    238              7          26730    
    239              7          26737    
    240             96          26833    
    241             17          26850    
    242             17          26867    
    243             17          26884    
    244             17          26901    
    245             17          26918    
    246             17          26935    
    247             17          26952    
    248             17          26969    
    249             17          26986    
    250             11          26997    
    251             17          27014    
    252             17          27031    
    253             17          27048    
    254             17          27065    
    255             17          27082    
    256             17          27099    
    257             17          27116    
    258             17          27133    
    259             17          27150    
    260             17          27167    
    261             17          27184    
    262             17          27201    
    263              7          27208    
    264              7          27215    
    265              1          27216    
    266              1          27217    
    267              1          27218    
    268              1          27219    
    269              1          27220    
    270              1          27221    

Scene      Shape Bytes    Text Bytes    ActionScript Bytes
-------    -----------    ----------    ------------------
Scene 1              0            97                 11459

Symbol                                                    Shape Bytes    Text Bytes    ActionScript Bytes
------------------------------------------------------    -----------    ----------    ------------------
13 milly                                                            0           105                     0
wantsome.ai                                                        52            47                     0
FMB-logo                                                         1592             0                     0
headline                                                            0             0                     0
headline-mask                                                       0             0                     0
purple-arrow                                                       78             0                     0
SEE MORE                                                            0             0                     0
Shimmer                                                            41             0                     0
Symbol 1                                                            0             0                     0
tagline-arrow-mask                                                 24             0                     0
Tween 1                                                             0             0                     0
Tween 2                                                             0             0                     0
Tween 3                                                             0             0                     0
Tween 4                                                             0             0                     0
Tween 5                                                             0             0                     0
Tween 6                                                             0             0                     0
Tween 7                                                             0             0                     0
Tween 8                                                             0             0                     0
Tween 9                                                             0            61                     0
Tween 10                                                            0             0                     0
Tween 11                                                            0             0                     0
Tween 12                                                            0             0                     0
Tween 13                                                            0             0                     0
Tween 14                                                            0             0                     0
Tween 15                                                            0             0                     0
Tween 16                                                           44             0                     0
Tween 17                                                            0            70                     0
want-some-cta                                                       0            34                     0
white-arrow                                                        95             0                     0
com.google.ads.studio.InvisibleExitButton dependency 1             22             0                     0
com.google.ads.studio.InvisibleExitButton                           0             0                     0

Font Name                           Bytes         Characters
--------------------------------    ----------    ----------
ClearfaceGothicLTStd-Medium Bold          2964     $,013?ABCDEFHIKLMNOPRSTUVW 

ActionScript Bytes    Location
------------------    --------
             11459    Scene 1:Frame 1

Bitmap                      Compressed    Original      Compression
------------------------    ----------    ----------    -----------
728x90_commercial_bg.jpg          6126        262080    JPEG Quality=100




